Disaster Management Center
Situation Report on 2025.12.06 at 0600 hrs
No. Districts Families Persons Deaths Missing Fully House Partially Safety centers Families Persons
damage House
Damage
1 Puttalam 97,907 344,585 30 4 199 3,075 67 2,787 9,739
2 Badulla 12,274 45,187 83 28 269 3,896 178 6,246 21,002
3 Monaragala 1,436 4,748 4 1 35 507 0 0 0
4 Matale 4,007 11,404 28 9 119 2,081 44 1,373 4,255
5 Colombo 80,682 310,047 8 2 13 2,126 86 3,238 10,939
6 Batticaloa 12,469 37,389 2 0 11 946 1 37 99
7 Kegalle 19,029 67,161 30 41 582 11,668 54 6,027 20,381
8 Trincomalee 25,900 86,258 0 0 0 680 17 625 2,466
9 Anuradhapura 21,610 71,012 7 0 175 1,586 14 355 995
10 Mullaitivu 22,918 67,340 0 0 5 907 40 1,191 3,591
11 Kilinochchi 8,878 28,093 0 0 2 374 0 0 0
12 Ampara 6,900 23,610 8 0 111 493 14 641 2,202
13 Jaffna 16,918 53,828 3 0 2 370 8 148 458
14 Polonnaruwa 11,426 40,724 2 0 219 3,403 6 604 2,166
15 Kandy 51,098 161,140 232 81 1,800 13,044 341 8,992 30,870
16 Rathnapura 18,375 71,633 1 0 6 7,851 10 106 389
17 Kurunegala 24,810 85,284 61 11 467 3,252 45 1,357 5,069
18 Nuwara Eliya 10,444 42,886 89 35 15 453 185 5,730 22,995
19 Matara 448 1,671 0 0 1 437 0 0 0
20 Hambantota 3,353 11,733 1 0 4 188 0 0 0
21 Galle 518 1,795 1 0 0 492 0 0 0
22 Kalutara 2,013 7,093 0 0 1 953 0 0 0
23 Mannar 37,993 124,125 2 0 16 81 35 2,181 6,092
24 Gampaha 88,738 362,664 13 2 111 4,507 61 1,942 8,446
25 Vavuniya 6,320 20,785 2 0 1 4,135 5 135 383
Total 586,464 2,082,195 607 214 4,164 67,505 1,211 43,715 152,537
J.M.A.R. Jayarathne
Director (HR) / Duty Officer
Disaster Management Center
For Director General