Kukulegama(CEB),3.0
